0.964959	5
0.796094	2
0.757779	8
0.000000	6
0.000000	8
0.000000	6
0.000000	5
0.000000	8
0.000000	7
0.000000	5
0.000000	5
0.000000	6
0.000000	5
0.026509	6
0.000000	7
0.000000	8
0.000000	6
0.000000	4
0.000000	4
0.893643	6
0.000000	4
0.000000	4
1.000000	8
0.000000	5
0.326990	8
0.000000	4
0.000000	4
0.893643	5
0.000000	4
0.267363	8
0.000000	5
0.707964	8
0.000000	4
0.000000	4
0.000000	4
1.000000	6
0.707964	7
0.000000	4
0.658978	6
0.979017	8
0.063755	8
0.000000	8
0.000000	6
0.000000	7
0.446612	8
0.000000	7
0.000000	5
0.289173	5
0.039038	3
0.000000	3
0.341391	6
1.000000	8
0.000000	3
0.341391	5
0.497371	8
0.000000	3
0.000000	3
0.000000	3
1.000000	6
0.446612	3
0.619492	8
0.000000	4
0.000000	8
0.000000	7
0.000000	4
0.000000	4
0.952539	8
0.000000	6
0.000000	4
0.000000	3
0.000000	3
0.000000	3
0.000000	3
0.753318	8
0.000000	3
0.000000	3
0.000000	3
0.000000	3
0.952539	3
0.662791	3
1.000000	5
0.831430	4
0.354436	5
0.831430	3
1.000000	3
0.635741	3
0.000000	3
0.592784	3
0.984803	3
1.000000	5
0.507073	3
1.000000	3
0.611913	5
0.649999	3
0.636916	8
0.459669	7
0.000000	8
0.000000	5
0.000000	5
0.000000	5
0.217471	7
1.000000	8
0.000000	6
0.517362	7
0.000000	4
0.000000	4
0.135692	8
0.000000	4
0.978559	5
0.000000	6
0.459669	4
0.000000	4
0.614396	8
0.217471	4
1.000000	5
0.000000	4
0.614396	7
0.135692	5
0.782382	5
1.000000	8
0.000000	2
0.289173	2
0.000000	2
0.000000	2
0.975433	8
0.000000	2
0.063755	2
1.000000	5
0.253890	2
0.000000	2
0.000000	2
0.000000	2
0.640584	7
0.000000	2
0.640584	4
0.000000	2
0.952539	2
0.942754	5
0.014132	2
0.831430	2
1.000000	2
0.635741	2
0.000000	2
0.592784	2
0.984803	2
0.507073	2
1.000000	2
0.649999	2
0.208788	3
0.000000	6
0.000000	8
0.000000	7
0.000000	8
0.000000	6
0.000000	3
0.000000	3
0.000000	3
0.000000	3
0.000000	3
0.000000	5
0.000000	8
0.000000	5
0.891804	7
0.000000	3
0.222659	7
0.000000	5
0.891804	6
0.000000	3
0.222659	6
0.000000	2
0.000000	2
0.000000	2
0.000000	2
0.000000	2
0.000000	2
0.000000	2
0.000000	2
0.000000	2
0.000000	2
0.000000	2
0.000000	2
0.000000	2
0.648903	6
0.000000	2
0.386673	7
0.000000	2
0.640584	3
0.372779	3
0.354436	2
0.190853	2
0.000000	2
0.146480	3
0.421949	2
0.000000	2
0.523086	3
0.593129	8
0.000000	4
0.000000	8
0.000000	4
0.000000	7
0.000000	4
0.934429	8
0.000000	3
0.452471	8
0.000000	3
0.000000	4
0.000000	6
0.000000	4
0.978559	3
0.689143	8
0.000000	3
0.000000	4
1.000000	3
0.689143	7
0.452471	6
0.326819	6
0.735464	8
0.000000	2
0.893643	2
0.000000	2
0.000000	2
0.000000	2
0.000000	2
0.000000	2
0.735464	6
0.000000	2
0.096254	6
0.992520	8
0.341391	2
0.443593	8
0.000000	2
1.000000	3
0.942754	3
0.000000	2
0.378504	3
0.979335	2
0.611913	2
0.406843	2
0.622755	8
0.000000	4
0.000000	3
0.891804	4
0.222659	4
0.000000	4
0.934429	5
0.000000	3
0.452471	5
0.586772	2
0.224956	2
0.306600	2
0.000000	2
1.000000	2
0.326990	2
0.658978	2
0.984443	8
0.112236	2
0.000000	2
1.000000	2
0.693569	8
0.386673	4
0.753318	2
0.809884	2
0.172553	7
0.589679	3
0.000000	4
0.971516	5
0.000000	3
0.689143	5
0.285766	8
0.267363	2
0.707964	2
0.000000	2
0.568328	8
0.497371	2
0.975433	3
0.504583	2
0.000000	2
0.545225	3
0.286488	3
0.636916	3
0.757779	2
0.992520	5
0.693569	6
0.700033	3
0.796446	2
0.964612	7
0.862136	7
0.045966	6
0.000000	8
0.000000	5
0.000000	8
0.000000	7
0.000000	5
0.000000	6
0.000000	5
0.444981	6
0.447938	7
0.000000	8
0.000000	7
0.000000	6
0.000000	6
0.440312	7
0.000000	4
0.000000	4
0.000000	4
0.000000	4
0.000000	4
0.400242	7
0.000000	5
0.000000	5
1.000000	7
0.000000	4
0.000000	4
0.889564	7
1.000000	8
1.000000	6
0.000000	4
0.619931	8
0.889564	6
1.000000	7
0.933216	6
0.619931	7
0.000000	4
1.000000	7
1.000000	7
0.000000	6
0.520186	5
0.000000	6
1.000000	7
0.573818	8
0.000000	3
0.721051	3
1.000000	7
0.000000	3
0.000000	3
0.512818	7
1.000000	3
1.000000	3
1.000000	7
0.573818	5
1.000000	7
1.000000	7
0.000000	8
0.000000	4
0.713010	4
0.321580	3
0.944504	6
0.944504	4
1.000000	3
0.964064	7
0.000000	3
1.000000	3
1.000000	5
1.000000	4
0.436611	3
1.000000	3
1.000000	3
1.000000	3
1.000000	3
0.775876	5
0.763922	3
1.000000	4
1.000000	3
0.923435	4
0.270399	4
1.000000	3
0.991412	7
1.000000	8
0.721051	1
1.000000	1
1.000000	1
0.903535	7
1.000000	5
0.907536	1
0.421336	7
0.713010	1
1.000000	1
0.143891	1
0.000000	1
1.000000	1
0.436611	1
1.000000	1
1.000000	1
1.000000	1
1.000000	1
0.529109	5
0.763922	1
1.000000	1
0.367913	1
1.000000	1
0.200185	6
0.000000	1
0.000000	1
0.000000	1
0.000000	1
0.000000	1
0.160600	7
0.000000	1
0.492871	7
0.160600	6
0.000000	1
0.492871	6
0.693125	6
0.944504	1
0.421336	3
0.584482	3
0.241382	1
0.883676	1
0.391580	3
0.667674	1
0.923435	1
0.270399	1
0.945928	1
0.306393	7
0.000000	1
0.000000	1
0.000000	1
0.000000	1
0.000000	1
0.447938	1
0.440312	1
0.000000	1
0.312312	1
0.364446	1
0.000000	1
0.989800	3
0.400129	8
0.000000	1
0.152806	3
1.000000	3
0.939473	3
0.349966	3
0.775876	1
0.761994	1
0.000000	1
0.777560	1
0.661675	1
0.400242	1
1.000000	1
0.889564	1
0.359914	1
0.933216	1
0.000000	1
0.604673	7
1.000000	1
0.512818	1
0.970603	1
0.400129	5
0.996741	7
0.000000	1
0.330082	5
0.718246	1
0.862136	1
1.000000	1
0.422785	1
0.619931	1
1.000000	1
1.000000	1
1.000000	1
0.964064	1
0.906465	3
0.973362	1
0.637823	1
0.991904	7
0.947823	1
0.815579	1
0.520304	5
0.826967	7
0.952819	7
0.583597	7
0.000000	2
0.000000	2
0.000000	2
0.000000	2
0.000000	2
0.773228	8
0.821176	7
1.000000	8
0.821176	6
1.000000	7
0.773228	6
0.924644	6
0.000000	2
0.000000	2
0.000000	2
0.379492	6
0.267307	8
1.000000	7
0.386402	8
1.000000	6
0.386402	7
0.267307	6
0.685325	8
0.333852	5
0.381941	5
0.333852	4
0.381941	4
0.000000	2
0.000000	2
0.548227	4
0.923382	5
0.923382	4
0.000000	2
0.727125	6
0.846746	6
0.000000	1
0.000000	1
0.309244	6
0.000000	1
0.000000	1
1.000000	8
0.194319	7
0.576281	8
0.194319	6
0.576281	7
1.000000	6
0.663523	8
0.000000	1
0.000000	1
0.000000	1
0.000000	1
0.480080	8
0.314118	7
0.097928	8
0.314118	6
0.097928	7
0.480080	6
0.180897	4
0.549968	5
0.642204	5
0.549968	4
0.642204	4
0.000000	1
0.000000	1
0.674590	5
0.462315	5
0.462315	4
0.000000	1
0.340020	4
0.262320	7
0.000000	1
0.597429	7
0.000000	1
0.597429	6
0.353576	5
0.549968	2
0.642204	2
0.000000	1
0.548227	1
0.923382	1
0.000000	1
0.574234	1
0.505049	8
0.517744	8
0.000000	1
0.583597	1
0.000000	1
0.170912	1
0.517744	6
0.415659	1
0.000000	1
0.000000	1
0.674590	2
0.000000	1
0.440880	4
0.846746	2
0.821176	1
1.000000	2
0.924644	1
1.000000	1
0.480080	2
0.592583	8
0.908128	7
0.952819	1
1.000000	1
0.835569	6
0.386402	1
0.547022	1
0.908128	6
0.872761	1
0.721641	6
0.685325	1
0.592583	6
0.990698	8
1.000000	7
0.232046	7
0.000000	2
0.000000	2
0.000000	2
0.153172	7
0.253954	8
1.000000	7
1.000000	8
1.000000	6
1.000000	7
0.253954	6
0.999470	7
1.000000	5
1.000000	5
1.000000	3
1.000000	3
0.117200	3
0.783834	3
0.808969	5
0.763974	5
0.763974	3
0.000000	2
0.787896	3
0.938914	8
0.000000	1
0.000000	1
0.000000	1
0.082265	8
0.000000	1
1.000000	8
0.110332	7
0.518576	8
0.110332	6
0.518576	7
1.000000	6
0.495600	3
1.000000	5
0.148134	5
1.000000	3
0.148134	3
0.000000	1
0.138444	3
0.981312	8
1.000000	5
1.000000	3
0.325458	5
0.427610	3
0.397574	7
0.232046	1
0.153172	1
0.148381	1
0.082265	2
1.000000	5
1.000000	1
1.000000	1
0.307250	5
1.000000	5
1.000000	5
1.000000	2
0.787896	1
1.000000	3
0.307250	3
1.000000	3
1.000000	3
0.325458	2
0.769428	3
0.986240	8
1.000000	1
1.000000	2
0.941893	8
0.582357	1
1.000000	1
1.000000	1
0.999470	1
0.738546	1
0.986240	6
0.987509	7
0.994396	5
0.849577	1
0.738744	7
0.077535	4
1.000000	4
0.077535	3
1.000000	3
0.501641	3
0.000000	2
0.733254	4
1.000000	4
1.000000	3
0.301352	4
0.864559	4
0.338204	4
0.201871	4
0.736085	4
0.201871	3
0.736085	3
0.000000	1
0.000000	1
0.540537	8
0.508586	4
0.508586	3
0.000000	1
0.425244	3
0.635306	7
0.201871	2
1.000000	1
0.533409	4
0.000000	1
0.509996	2
1.000000	1
0.891172	4
0.338204	2
0.533409	3
0.733254	1
0.301352	1
0.891172	3
0.540462	8
0.848232	7
0.738744	1
0.848232	6
0.720207	7
0.540537	2
0.950143	5
0.954306	3
1.000000	3
0.967538	3
0.830520	4
1.000000	5
1.000000	1
0.613181	2
0.995367	3
1.000000	3
0.929548	1
0.386305	1
0.533079	3
0.915821	2
0.993541	3
0.966609	3
0.993541	1
0.984867	1
0.938532	3
0.241176	5
0.856910	3
0.992603	5
1.000000	7
0.669186	8
0.000000	6
0.998124	5
0.000000	6
0.873773	5
1.000000	7
0.000000	8
0.998124	4
0.000000	4
1.000000	7
1.000000	7
0.000000	5
0.814922	8
0.000000	4
0.000000	4
0.000000	4
0.613168	5
1.000000	5
1.000000	8
1.000000	5
1.000000	7
1.000000	7
0.826405	4
1.000000	7
0.814294	7
0.000000	8
0.000000	8
0.000000	7
0.000000	6
0.659964	5
0.000000	8
0.000000	5
0.560565	5
1.000000	7
0.878227	6
1.000000	7
0.000000	3
0.878227	5
1.000000	6
0.000000	3
1.000000	5
0.717532	6
0.509464	7
0.000000	3
0.873553	7
0.000000	4
0.000000	8
0.000000	7
0.000000	4
0.000000	4
0.000000	4
0.000000	6
0.000000	4
0.411708	7
0.475488	8
0.000000	3
0.000000	3
0.000000	3
0.000000	3
0.359133	7
0.313431	8
0.411708	3
0.475488	4
0.000000	3
1.000000	5
0.588642	4
1.000000	5
1.000000	5
1.000000	5
1.000000	4
1.000000	3
1.000000	5
0.812788	4
0.994661	5
1.000000	5
0.499174	3
1.000000	3
0.960769	5
1.000000	5
0.593096	5
0.018851	6
0.000000	8
0.000000	7
0.000000	6
0.000000	5
0.000000	5
0.000000	5
0.000000	5
0.943588	6
1.000000	7
0.000000	8
0.000000	6
0.592644	8
0.000000	4
0.000000	4
0.000000	4
0.000000	4
0.492094	7
0.490646	5
0.000000	8
0.000000	7
0.000000	5
0.128621	7
0.000000	4
0.000000	4
1.000000	7
1.000000	5
0.000000	6
0.128621	6
0.000000	4
0.329289	5
1.000000	6
0.480028	5
0.000000	4
0.592644	5
0.000000	4
0.979391	7
1.000000	7
0.000000	2
0.644981	6
0.941014	7
0.000000	2
0.644981	5
0.941014	6
0.000000	2
1.000000	5
0.000000	2
0.491770	7
0.000000	2
0.698381	6
0.000000	2
0.000000	2
0.000000	2
0.000000	2
0.783039	6
0.000000	2
1.000000	7
0.000000	2
1.000000	6
0.000000	2
0.000000	2
0.893861	5
0.588642	2
0.236353	2
0.393073	2
1.000000	2
0.660748	2
0.000000	2
0.791328	2
0.499174	2
1.000000	2
0.960241	2
0.980650	6
0.438134	8
0.712943	8
0.000000	8
0.000000	7
0.000000	6
0.466374	8
0.000000	3
0.000000	3
0.000000	3
0.000000	3
0.000000	5
0.000000	7
0.000000	5
0.018851	3
0.000000	3
0.000000	3
0.943588	3
0.712943	5
0.000000	3
0.466374	5
0.000000	3
0.935341	5
0.998124	2
0.000000	2
0.873773	2
0.000000	2
0.000000	2
0.000000	2
0.000000	2
0.669186	2
0.908259	5
0.403380	8
0.000000	2
0.783039	3
0.475488	2
0.000000	2
0.859386	5
1.000000	2
1.000000	2
0.812788	2
0.659382	5
0.377796	2
0.000000	2
0.691217	2
0.931133	7
0.000000	4
0.000000	8
0.000000	4
0.000000	7
0.000000	4
0.490646	3
0.000000	3
0.000000	3
0.478044	3
0.191547	8
0.000000	6
1.000000	3
1.000000	8
0.492094	3
0.712943	4
0.735247	7
1.000000	7
0.000000	3
0.999865	2
0.250391	7
0.000000	2
0.000000	2
0.613168	2
1.000000	2
1.000000	2
0.477962	7
0.908259	4
1.000000	7
0.878227	2
1.000000	2
1.000000	7
0.000000	2
1.000000	7
1.000000	2
0.640307	4
0.994661	2
0.960769	2
1.000000	2
0.570883	3
0.000000	4
0.292944	3
0.128621	3
1.000000	3
0.000000	4
0.000000	3
0.000000	3
0.000000	3
0.721529	7
1.000000	2
0.554899	2
0.420829	5
0.654727	2
0.814922	2
0.000000	2
0.971547	2
1.000000	2
0.717532	2
0.000000	2
0.741513	7
1.000000	3
0.000000	2
0.537630	2
0.980650	3
0.931133	5
0.191547	5
0.735247	5
0.000000	3
1.000000	5
1.000000	2
1.000000	2
1.000000	2
1.000000	2
0.223424	2
1.000000	5
0.873553	2
0.313431	2
1.000000	5
0.954567	3
0.631210	7
0.948188	2
0.769017	2
0.613935	2
0.982408	5
0.535609	2
0.957778	7
1.000000	7
0.580907	8
0.000000	0
1.000000	7
0.293095	7
0.000000	0
0.000000	0
1.000000	7
1.000000	0
1.000000	0
0.937568	7
0.580907	5
0.907536	0
0.321580	0
0.000000	0
0.735880	6
0.735880	4
1.000000	0
0.563345	7
0.000000	0
1.000000	0
0.436611	0
1.000000	0
1.000000	0
1.000000	0
1.000000	0
0.808554	5
0.763922	0
1.000000	0
0.367913	0
0.216572	4
1.000000	0
0.260129	8
0.245128	8
0.000000	0
0.000000	0
0.000000	0
0.000000	0
0.045966	0
0.000000	0
0.000000	0
0.444981	0
0.000000	0
0.245128	5
0.000000	0
0.510259	3
0.944504	0
0.000000	0
0.000000	0
0.404717	5
0.241382	0
0.883676	0
0.000000	0
0.667674	0
0.923435	0
0.270399	0
0.999310	3
0.569210	8
0.000000	0
0.000000	0
0.000000	0
0.000000	0
0.000000	0
0.698046	8
1.000000	8
0.000000	0
0.698046	7
1.000000	7
0.000000	0
0.945402	7
0.000000	0
0.733393	7
1.000000	3
0.580907	3
0.970851	8
0.439331	3
0.808554	3
0.761994	0
0.000000	0
0.777560	0
0.661675	0
0.400242	0
1.000000	0
0.889564	0
0.359914	0
0.933216	0
0.000000	0
0.820335	7
1.000000	0
1.000000	3
0.970603	0
0.000000	0
0.996646	0
0.000000	0
0.409776	3
0.980491	7
0.862136	0
1.000000	0
0.422785	0
1.000000	5
1.000000	3
1.000000	0
1.000000	0
0.964064	0
0.983777	8
1.000000	3
0.637823	0
0.927337	7
0.947823	0
0.983777	7
0.422839	0
0.944698	7
1.000000	7
0.435524	7
0.000000	0
0.000000	0
0.000000	0
0.982379	7
0.384677	8
1.000000	7
1.000000	8
1.000000	6
1.000000	7
0.384677	6
0.926746	8
0.204262	8
0.000000	0
0.000000	0
0.000000	0
0.447505	8
0.274002	7
1.000000	8
0.274002	6
1.000000	7
0.447505	6
0.968846	7
1.000000	5
1.000000	5
1.000000	4
1.000000	4
0.617146	5
0.407124	4
0.606065	5
0.465395	5
0.465395	4
0.000000	0
0.850599	5
0.368904	2
0.000000	0
0.379492	0
0.204262	2
0.000000	0
0.676920	5
1.000000	2
1.000000	2
0.539800	5
0.856505	5
0.923382	0
0.000000	0
0.903548	5
0.928030	7
0.000000	0
0.687536	2
1.000000	8
0.982379	2
1.000000	7
0.000000	0
0.957546	7
0.617146	2
0.539800	4
0.856505	4
0.000000	0
0.903548	4
0.992497	7
1.000000	2
0.773228	0
0.975713	7
1.000000	0
0.447505	2
0.338558	0
0.808337	7
1.000000	2
1.000000	0
0.975713	6
1.000000	2
1.000000	8
0.808337	6
1.000000	7
0.926746	2
1.000000	7
0.517736	2
1.000000	7
0.975404	7
0.000000	0
0.000000	0
0.000000	0
0.000000	0
0.000000	0
0.960173	7
0.022520	8
1.000000	7
0.841587	8
1.000000	6
0.841587	7
0.022520	6
0.801815	7
0.568540	5
1.000000	5
0.568540	3
1.000000	3
0.258399	3
0.000000	0
0.646336	5
1.000000	5
1.000000	3
0.865051	3
0.998462	5
0.938816	7
0.000000	0
1.000000	7
0.854066	8
1.000000	6
0.854066	7
0.000000	0
1.000000	5
1.000000	0
1.000000	0
1.000000	5
0.783834	0
0.917344	5
1.000000	2
0.865051	2
1.000000	5
1.000000	3
1.000000	3
0.711211	0
0.917344	3
0.712716	3
1.000000	3
1.000000	7
1.000000	0
0.253954	0
0.500314	2
1.000000	7
1.000000	6
1.000000	0
1.000000	5
1.000000	3
0.787942	7
1.000000	7
0.647153	0
0.977973	7
0.778056	7
0.826919	4
0.814238	4
0.826919	3
0.814238	3
0.000000	0
0.000000	0
0.375048	4
0.746591	4
0.746591	3
0.000000	0
0.806819	3
0.571676	2
0.826919	2
1.000000	0
0.501641	0
0.000000	0
0.760417	4
1.000000	0
0.536764	4
0.983893	6
0.586576	2
0.000000	0
0.760417	3
0.536764	3
0.970391	3
0.506066	4
1.000000	7
0.810754	8
1.000000	6
0.810754	7
0.240115	6
0.984859	5
0.990717	4
1.000000	5
0.982478	5
1.000000	0
0.990717	2
0.936423	2
0.982478	3
1.000000	2
0.816614	5
0.683724	5
0.909232	5
0.920448	5
0.993541	0
0.984867	0
0.920448	2
0.724268	3
0.991527	3
0.978285	1
0.582943	6
0.000000	6
0.000000	8
0.000000	6
0.000000	7
0.000000	6
0.000000	5
0.000000	5
0.000000	5
0.000000	5
0.000000	5
1.000000	6
0.000000	8
0.000000	4
0.000000	4
0.381471	6
0.000000	4
0.246158	6
1.000000	5
0.000000	8
0.000000	7
0.000000	4
0.000000	4
0.000000	4
0.381471	5
0.931628	7
0.512601	5
0.000000	6
0.000000	5
0.000000	4
0.000000	4
0.000000	4
0.931628	6
0.595349	6
0.000000	4
0.000000	4
0.133947	6
0.997509	6
0.659964	1
1.000000	6
0.748749	7
0.000000	1
1.000000	5
0.814294	1
0.000000	1
0.639336	5
0.000000	1
0.000000	1
0.147992	6
0.485121	6
0.000000	1
0.000000	1
0.000000	1
0.000000	1
0.000000	1
0.000000	1
0.368129	7
0.000000	1
0.411708	1
0.000000	1
0.000000	1
0.686928	1
0.588642	1
0.236353	1
0.393073	1
1.000000	1
0.660748	1
0.000000	1
0.791328	1
0.499174	1
1.000000	1
0.960241	1
0.932455	1
0.375557	5
0.085464	7
0.000000	6
0.929085	7
0.000000	3
0.000000	3
0.000000	3
0.085464	5
0.000000	6
0.000000	3
0.000000	3
0.929085	5
0.000000	3
0.046939	7
0.000000	3
0.654346	7
0.000000	3
0.889795	1
0.998124	1
0.873773	1
0.015878	8
0.264262	5
0.669186	1
0.826405	1
0.300116	1
0.438117	8
0.000000	1
0.475488	1
0.000000	1
0.982836	5
1.000000	1
1.000000	1
0.476981	5
0.812788	1
0.611221	1
0.377796	1
0.691217	1
0.654094	7
0.000000	4
0.000000	8
0.000000	4
1.000000	3
0.381471	3
0.420462	7
0.085464	4
0.662110	6
0.929085	4
0.420462	6
0.999865	1
0.737849	7
0.000000	1
0.703433	7
1.000000	1
1.000000	1
0.980149	6
1.000000	3
1.000000	1
1.000000	1
1.000000	1
0.994661	1
0.960769	1
1.000000	1
0.582943	3
0.000000	4
0.662110	5
0.000000	3
0.931628	3
0.000000	4
0.595349	3
0.000000	3
0.133947	3
0.691742	1
1.000000	1
0.554899	1
0.703433	5
0.654727	1
0.814922	1
0.000000	1
0.997509	3
1.000000	1
0.717532	1
0.147992	3
0.702355	1
0.368129	3
0.000000	1
0.637713	5
0.859304	3
0.654094	5
0.046939	4
0.000000	3
0.000000	3
0.654346	4
1.000000	1
1.000000	1
1.000000	1
1.000000	1
0.223424	1
0.509464	1
0.873553	1
0.438117	4
0.997577	1
0.894293	1
0.309188	3
0.948188	1
0.769017	1
0.613935	1
0.763632	4
0.535609	1
0.796094	0
0.930907	6
0.039038	0
0.000000	0
1.000000	6
0.729075	8
0.000000	0
1.000000	5
0.000000	0
0.000000	0
0.000000	0
0.601826	6
0.729075	6
0.446612	0
0.390970	8
0.000000	0
0.000000	0
0.000000	0
0.000000	0
0.000000	0
0.475361	8
0.000000	0
0.000000	0
0.000000	0
0.000000	0
0.952539	0
0.662791	0
0.014132	0
0.831430	0
1.000000	0
0.635741	0
0.000000	0
0.592784	0
0.984803	0
0.507073	0
1.000000	0
0.578192	5
0.649999	0
0.316777	8
0.212276	7
0.000000	0
0.000000	0
0.000000	0
0.000000	0
0.000000	0
0.489499	8
0.000000	0
0.000000	0
0.489499	7
0.000000	0
0.000000	0
0.000000	0
0.000000	0
0.000000	0
0.000000	0
0.734382	5
0.354436	0
0.190853	0
0.000000	0
0.000000	0
0.087879	5
0.421949	0
0.477414	0
0.453733	6
0.026509	0
0.000000	0
0.893643	0
0.000000	0
0.000000	0
0.212276	4
0.000000	0
0.985624	6
1.000000	3
0.000000	0
0.529228	6
0.734382	4
0.000000	0
0.979335	0
0.611913	0
0.642711	6
0.586772	0
0.224956	0
0.306600	0
0.000000	0
1.000000	0
0.326990	0
0.658978	0
0.985624	5
0.112236	0
0.601826	3
1.000000	0
0.537145	8
0.000000	0
0.753318	0
0.809884	0
0.642711	5
0.295004	8
0.267363	0
0.707964	0
0.489499	4
0.419993	6
0.497371	0
0.000000	0
0.504583	0
0.000000	0
0.483626	4
0.466095	6
0.757779	0
0.979017	0
0.619492	0
0.440579	3
0.796446	0
0.930784	1
0.368904	1
0.003150	8
0.000000	0
0.204262	1
0.000000	0
0.568574	7
1.000000	1
1.000000	1
0.377411	5
0.407124	1
0.913585	5
0.465395	1
0.651831	5
0.831227	1
0.309244	0
0.742942	7
0.435524	1
0.982379	1
0.881830	1
0.617146	1
0.913585	4
0.000000	0
0.850599	1
0.938133	7
1.000000	1
1.000000	0
0.698173	8
0.314118	0
0.480080	0
0.522337	8
0.765150	1
1.000000	1
1.000000	1
0.907517	8
1.000000	1
0.968846	1
0.696700	5
0.931584	7
0.926746	1
0.922400	7
0.522337	6
0.959736	3
0.475670	6
0.181376	8
0.501799	1
0.000000	0
0.960173	1
0.000000	0
0.181376	6
0.573722	5
1.000000	0
1.000000	1
0.354100	5
0.138444	0
1.000000	5
1.000000	0
1.000000	5
1.000000	5
0.692115	1
0.354100	3
1.000000	3
1.000000	3
1.000000	3
0.997354	8
1.000000	1
1.000000	0
0.830374	8
0.989067	7
0.975404	1
0.841587	1
0.801815	1
0.989067	6
0.997354	6
0.514121	1
0.981312	0
0.811217	1
0.571676	1
0.826919	1
0.814238	1
0.000000	0
0.000000	0
0.509996	0
0.746591	1
0.000000	0
0.806819	1
0.586576	1
0.000000	0
0.000000	0
0.375048	1
0.454779	3
0.582819	8
0.478660	1
0.778056	1
0.533108	3
0.771391	1
0.582819	6
0.919532	1
0.967538	0
0.953277	1
0.990717	1
0.936423	1
0.928400	1
1.000000	1
0.562302	5
0.306869	1
0.979203	5
1.000000	5
0.800143	3
1.000000	3
0.792905	5
0.946445	3
0.955981	6
0.592521	8
0.396013	7
0.000000	2
0.000000	2
0.447859	8
0.028179	7
0.476486	8
0.000000	2
0.268040	8
0.028179	6
0.476486	7
0.268040	7
0.447859	6
0.944047	7
1.000000	7
0.000000	1
0.550792	8
1.000000	7
1.000000	6
0.000000	1
0.251620	8
1.000000	6
0.716331	6
0.251620	7
0.550792	6
0.610246	7
0.000000	1
0.879066	7
0.000000	1
0.879066	6
0.000000	1
0.000000	1
0.182347	1
0.000000	1
0.000000	1
0.463760	2
0.000000	1
0.661609	1
1.000000	6
1.000000	2
1.000000	8
1.000000	7
1.000000	6
0.000000	2
0.489281	8
1.000000	6
1.000000	6
0.489281	7
1.000000	6
1.000000	7
1.000000	7
0.000000	1
0.383732	8
1.000000	7
1.000000	1
1.000000	8
1.000000	6
1.000000	7
1.000000	7
0.383732	6
1.000000	7
1.000000	2
1.000000	1
0.192947	7
0.122676	6
0.893861	1
0.393758	2
0.000000	1
0.698386	6
0.807062	1
0.957668	6
1.000000	5
1.000000	5
0.396013	4
1.000000	5
1.000000	5
0.386314	4
1.000000	5
1.000000	7
1.000000	5
1.000000	4
1.000000	1
0.448435	5
0.716331	4
0.550792	4
1.000000	5
0.941014	1
0.000000	1
0.147992	2
0.888335	7
1.000000	1
0.000000	1
0.698386	5
1.000000	7
0.930906	5
0.508672	5
0.476486	4
0.489281	5
1.000000	5
1.000000	5
0.072865	4
1.000000	5
1.000000	5
0.000000	1
0.491770	1
0.888335	6
0.000000	1
0.651063	5
1.000000	6
0.774175	5
0.836256	5
0.534133	7
0.280317	4
0.573546	7
0.418979	5
0.952163	5
0.847271	8
1.000000	7
0.000000	0
0.357185	8
1.000000	7
1.000000	6
0.000000	0
0.391892	8
1.000000	6
0.578353	7
0.391892	7
0.357185	6
0.569499	6
0.000000	0
0.272890	7
0.000000	0
0.640584	0
0.000000	0
0.000000	0
0.372779	0
0.000000	0
0.000000	0
0.234738	8
0.000000	0
0.523086	0
1.000000	8
1.000000	8
0.000000	0
1.000000	8
0.438343	7
1.000000	8
1.000000	8
0.438343	6
1.000000	0
1.000000	7
1.000000	6
1.000000	6
1.000000	2
0.854575	8
0.481498	2
1.000000	0
0.942754	0
0.000000	0
0.378504	0
0.987453	6
0.578192	2
0.635807	2
0.955991	5
0.017925	5
1.000000	4
1.000000	4
1.000000	5
0.536183	4
1.000000	5
1.000000	5
0.000000	0
0.601826	2
0.729075	2
0.569499	4
0.272890	4
0.475361	2
0.987453	5
0.733917	7
0.975996	8
1.000000	5
0.578353	4
1.000000	5
0.804401	5
0.000000	0
0.975433	0
0.466503	6
0.000000	0
0.689800	5
0.733917	6
1.000000	5
1.000000	5
0.550411	6
0.700033	0
0.820924	5
0.957276	5
0.910924	6
0.735880	1
0.421336	0
0.000000	0
0.000000	0
0.584482	0
0.391580	0
0.000000	0
0.638811	1
0.216572	1
0.999310	1
1.000000	7
0.304603	8
0.892748	7
1.000000	1
1.000000	0
0.952857	1
0.439331	1
0.808554	1
0.868723	8
0.000000	0
0.715743	1
0.817060	5
0.293095	1
1.000000	1
0.000000	0
0.304603	5
0.918988	7
0.000000	0
0.563697	8
1.000000	7
1.000000	1
0.937568	1
0.918988	6
0.563345	1
0.906465	0
1.000000	1
1.000000	5
0.547242	7
0.935687	5
0.868723	5
1.000000	5
1.000000	1
1.000000	1
1.000000	0
1.000000	0
1.000000	2
1.000000	1
0.499618	7
1.000000	1
0.181376	2
0.769619	5
0.964826	7
0.938816	1
0.854066	1
0.956388	1
1.000000	1
0.536204	7
0.870245	7
0.924694	5
0.831526	1
0.452058	1
0.533409	0
0.000000	0
0.760417	1
0.536764	1
0.970391	1
0.397527	1
0.983893	1
0.635306	0
0.937437	1
0.285929	1
0.306430	0
0.980343	5
0.797737	1
0.995367	0
1.000000	0
1.000000	1
0.706775	1
0.589324	5
0.894631	1
0.890776	1
1.000000	2
0.724268	1
0.991527	1
0.894675	8
0.907272	8
0.821152	8
0.000000	2
0.000000	2
0.461858	8
0.378692	7
1.000000	8
1.000000	8
0.378692	6
1.000000	7
1.000000	7
0.461858	6
0.900668	8
0.936383	7
0.000000	1
0.000000	1
0.517059	8
0.451787	7
1.000000	8
1.000000	8
0.451787	6
1.000000	7
1.000000	7
0.517059	6
0.970858	8
0.000000	1
0.000000	1
0.264262	2
0.908259	1
0.982836	2
0.476981	2
0.640307	1
0.662603	8
0.000000	1
0.539157	2
0.673882	7
0.456155	5
0.396013	3
0.378692	5
0.821152	5
0.386314	3
0.461858	5
0.987884	7
0.936383	5
1.000000	3
1.000000	3
0.354273	5
0.716331	3
0.550792	3
0.477501	5
0.000000	1
0.000000	1
0.000000	1
0.000000	1
0.497003	7
0.879066	3
0.000000	1
0.356186	8
0.529398	3
0.909866	8
1.000000	5
0.476486	3
1.000000	5
0.987884	6
1.000000	5
0.072865	3
1.000000	5
0.761426	8
0.015878	2
0.610246	3
0.438117	2
0.915882	5
0.506966	3
0.909866	7
0.900668	5
0.970858	5
0.403380	1
0.974442	5
0.662603	5
0.694105	7
0.786351	8
0.625948	8
0.000000	0
0.000000	0
0.769666	8
0.201987	7
0.573322	6
0.000000	0
0.837806	8
0.201987	6
0.625948	6
0.837806	7
0.769666	6
0.653886	8
0.000000	0
0.000000	0
0.431384	8
0.000000	0
0.431384	7
0.000000	0
0.734382	2
0.000000	0
0.000000	0
0.291726	6
0.000000	0
0.195907	2
0.864629	7
0.573322	5
1.000000	3
1.000000	3
0.625948	5
0.536183	3
0.769666	5
0.561151	8
0.000000	0
0.000000	0
0.000000	0
0.000000	0
0.648903	0
0.386673	0
0.000000	0
0.332813	8
0.605581	7
0.864629	6
0.290230	5
0.578353	3
0.837806	5
0.564217	8
0.000000	0
0.489499	2
0.435870	3
0.000000	0
0.613069	8
0.605581	6
0.847271	3
0.653886	5
0.333146	7
0.727591	5
0.332813	6
0.868136	6
0.550715	8
0.000000	0
0.000000	0
0.552892	8
0.000000	0
0.552892	7
0.000000	0
0.707996	8
0.000000	0
0.000000	0
0.471787	6
0.000000	0
0.312467	0
0.549815	7
0.160600	0
0.492871	0
0.000000	0
0.000000	0
0.910924	3
0.000000	0
0.551464	3
0.992477	3
0.549815	6
0.000000	0
0.552892	5
0.865813	6
0.000000	0
0.674287	5
0.897845	6
0.550715	5
0.359911	6
0.707996	5
0.253454	5
0.788330	5
0.676920	1
0.377411	2
0.539800	1
0.913585	2
0.000000	0
0.903548	1
0.181324	0
0.597429	0
0.000000	0
0.000000	0
0.305541	0
0.262320	0
0.003150	2
0.668277	5
0.280816	5
0.344822	2
0.630289	5
0.542847	5
0.733228	3
0.506066	1
0.754308	7
0.319328	0
0.840289	0
0.221636	2
0.000000	0
0.799306	5
0.747151	1
0.927064	1
0.351759	0
0.456064	1
0.789679	1
0.859475	0
0.328595	1
0.904155	3
0.992603	1
1.000000	3
0.456155	4
1.000000	3
1.000000	3
0.821152	4
1.000000	3
1.000000	3
0.975280	7
0.936383	4
1.000000	3
1.000000	3
0.354273	4
0.448435	3
0.517059	4
0.624984	7
0.737849	2
0.703433	2
0.000000	1
0.000000	1
1.000000	3
0.122676	3
0.698386	3
0.963765	7
0.987871	6
1.000000	4
0.508672	3
1.000000	4
1.000000	8
1.000000	4
1.000000	3
1.000000	1
0.861552	8
0.477962	1
1.000000	3
1.000000	1
1.000000	1
0.963765	6
0.958871	6
1.000000	7
0.970858	4
0.738164	7
1.000000	7
0.662603	4
0.952163	3
0.955991	3
0.573322	4
0.017925	3
0.438343	3
0.625948	4
1.000000	3
1.000000	3
0.659531	8
0.000000	0
0.000000	0
0.735464	0
0.096254	0
1.000000	3
0.529228	2
0.987453	3
0.642711	2
0.905973	8
0.290230	4
1.000000	3
1.000000	3
0.538438	4
0.000000	0
0.431384	4
0.804401	3
0.854575	3
0.737107	8
0.534696	6
1.000000	3
0.659531	6
1.000000	3
0.737107	7
0.967591	6
0.957276	3
0.404498	4
0.000000	0
0.000000	0
0.000000	0
0.000000	0
0.817060	3
0.892748	3
0.400129	0
0.471787	4
0.517076	3
0.765304	8
0.698046	1
1.000000	1
1.000000	3
1.000000	8
0.677249	3
0.765304	7
1.000000	3
1.000000	7
0.868723	3
0.908257	1
0.432367	2
0.742942	2
0.517744	0
0.449637	2
0.406159	2
0.928030	1
1.000000	1
0.957546	1
0.696700	2
0.533069	1
0.935619	7
0.542847	4
1.000000	3
0.788188	2
0.964790	3
1.000000	1
0.994427	1
0.986359	7
0.994396	0
0.984859	1
0.816614	1
0.683724	1
0.979203	2
0.792905	2
0.961839	1
0.974079	7
0.987871	5
1.000000	3
0.721529	1
0.991850	3
0.888335	3
1.000000	3
0.958871	5
0.715612	4
0.585312	2
0.493717	2
0.562680	1
0.584540	5
0.902690	5
0.864629	4
0.253172	5
0.419993	2
0.466503	3
0.733917	3
0.948849	5
0.659531	5
0.984443	0
0.693569	0
0.967591	5
0.918041	7
0.660121	0
0.820335	1
0.996741	0
1.000000	3
0.368760	1
0.595275	0
0.489281	0
0.563697	3
0.720886	1
0.992497	1
0.975713	1
0.908128	0
0.900243	2
0.780014	1
0.592583	0
0.942837	2
1.000000	1
1.000000	1
0.997354	2
0.941893	0
0.897029	1
1.000000	1
0.582819	2
0.713632	8
0.960221	7
0.974079	6
0.948741	5
1.000000	5
0.899573	2
0.757828	1
0.519909	2
1.000000	5
0.842004	3
0.975996	3
0.564217	4
0.641517	3
0.481902	2
0.737107	5
0.972715	8
0.765304	5
0.991904	0
0.649133	0
1.000000	5
0.944698	1
1.000000	1
0.907517	2
1.000000	1
1.000000	1
0.831864	0
1.000000	1
0.977973	1
0.810754	1
0.927211	8
0.960221	6
0.894675	4
0.892337	5
0.972715	7
0.841114	1
0.990698	0
0.815122	0
0.927211	7
0.822536	5
0.000000	0
